round_id,round_number,seed_index,mode,model_name,training_round_count,training_analyzed_seed_count,training_cell_count,policy_name,budget,episode_seed,executed_queries,score,weighted_kl,mean_prediction_entropy,mean_ground_truth_entropy,argmax_agreement_rate,predicted_class_mass,ground_truth_class_mass,residual_class_mass,support_full_pct,support_structural_pct,support_terrain_pct,support_global_pct,full_bucket_count_p10,full_bucket_count_p50,full_bucket_count_p90,visualization_seconds,top_kl_cells,report_path,manifest_path
8e839974-b13b-407b-a5e7-fc749d877195,4,0,online_interactive,f1_summary_rate_decoder_rates_lawresid1_teacher_stress_v01,2,0,0,coverage,50,0,45,80.44354563408025,0.07253818135267563,0.7379185108922408,0.45210741165846485,1.0,"[0.6071205554824224, 0.13394519003479893, 0.02475689326262769, 0.014654758116098378, 0.19149550995845602, 0.028027093145595615]","[0.6722437500000013, 0.07697500000000007, 0.006021875000000002, 0.007090625000000009, 0.21829374999999962, 0.019375]","[-0.06512319451757886, 0.05697019003479886, 0.018735018262627686, 0.0075641331160983686, -0.026798240041543603, 0.008652093145595615]",,,,,,,,,"[{""ground_truth_class_index"": 4, ""ground_truth_class_name"": ""forest"", ""kl"": 0.3695494659553663, ""predicted_class_index"": 4, ""predicted_class_name"": ""forest"", ""x"": 32, ""y"": 37}, {""ground_truth_class_index"": 4, ""ground_truth_class_name"": ""forest"", ""kl"": 0.3612799932125967, ""predicted_class_index"": 4, ""predicted_class_name"": ""forest"", ""x"": 38, ""y"": 34}, {""ground_truth_class_index"": 0, ""ground_truth_class_name"": ""empty"", ""kl"": 0.34547660574615213, ""predicted_class_index"": 0, ""predicted_class_name"": ""empty"", ""x"": 6, ""y"": 33}, {""ground_truth_class_index"": 4, ""ground_truth_class_name"": ""forest"", ""kl"": 0.3443786962261766, ""predicted_class_index"": 4, ""predicted_class_name"": ""forest"", ""x"": 1, ""y"": 37}, {""ground_truth_class_index"": 4, ""ground_truth_class_name"": ""forest"", ""kl"": 0.30207161691283857, ""predicted_class_index"": 4, ""predicted_class_name"": ""forest"", ""x"": 37, ""y"": 12}, {""ground_truth_class_index"": 4, ""ground_truth_class_name"": ""forest"", ""kl"": 0.29163854489836805, ""predicted_class_index"": 4, ""predicted_class_name"": ""forest"", ""x"": 36, ""y"": 38}, {""ground_truth_class_index"": 0, ""ground_truth_class_name"": ""empty"", ""kl"": 0.2791819854144566, ""predicted_class_index"": 0, ""predicted_class_name"": ""empty"", ""x"": 12, ""y"": 9}, {""ground_truth_class_index"": 4, ""ground_truth_class_name"": ""forest"", ""kl"": 0.24967023476680644, ""predicted_class_index"": 4, ""predicted_class_name"": ""forest"", ""x"": 37, ""y"": 38}, {""ground_truth_class_index"": 4, ""ground_truth_class_name"": ""forest"", ""kl"": 0.24830539751081313, ""predicted_class_index"": 4, ""predicted_class_name"": ""forest"", ""x"": 34, ""y"": 18}, {""ground_truth_class_index"": 0, ""ground_truth_class_name"": ""empty"", ""kl"": 0.24415520660685877, ""predicted_class_index"": 0, ""predicted_class_name"": ""empty"", ""x"": 27, ""y"": 25}]",,
8e839974-b13b-407b-a5e7-fc749d877195,4,1,online_interactive,f1_summary_rate_decoder_rates_lawresid1_teacher_stress_v01,2,0,0,coverage,50,0,45,82.37835571020412,0.06461581899907447,0.7570848902903751,0.513574097163743,1.0,"[0.6107405781545348, 0.1427638395855246, 0.02238610974728934, 0.01546689723313733, 0.1817905436617998, 0.02685203161771446]","[0.6734062500000014, 0.08969374999999963, 0.004843749999999997, 0.009343750000000029, 0.20458749999999992, 0.018125]","[-0.06266567184546668, 0.05307008958552498, 0.017542359747289342, 0.0061231472331373, -0.022796956338200114, 0.008727031617714463]",,,,,,,,,"[{""ground_truth_class_index"": 4, ""ground_truth_class_name"": ""forest"", ""kl"": 0.434257127303298, ""predicted_class_index"": 4, ""predicted_class_name"": ""forest"", ""x"": 2, ""y"": 36}, {""ground_truth_class_index"": 4, ""ground_truth_class_name"": ""forest"", ""kl"": 0.36779091359918664, ""predicted_class_index"": 4, ""predicted_class_name"": ""forest"", ""x"": 1, ""y"": 34}, {""ground_truth_class_index"": 4, ""ground_truth_class_name"": ""forest"", ""kl"": 0.3637661538718436, ""predicted_class_index"": 4, ""predicted_class_name"": ""forest"", ""x"": 2, ""y"": 24}, {""ground_truth_class_index"": 4, ""ground_truth_class_name"": ""forest"", ""kl"": 0.34548791097955356, ""predicted_class_index"": 4, ""predicted_class_name"": ""forest"", ""x"": 2, ""y"": 37}, {""ground_truth_class_index"": 0, ""ground_truth_class_name"": ""empty"", ""kl"": 0.3174787513895956, ""predicted_class_index"": 0, ""predicted_class_name"": ""empty"", ""x"": 29, ""y"": 38}, {""ground_truth_class_index"": 4, ""ground_truth_class_name"": ""forest"", ""kl"": 0.30346295066823004, ""predicted_class_index"": 4, ""predicted_class_name"": ""forest"", ""x"": 2, ""y"": 35}, {""ground_truth_class_index"": 4, ""ground_truth_class_name"": ""forest"", ""kl"": 0.2774256130072174, ""predicted_class_index"": 4, ""predicted_class_name"": ""forest"", ""x"": 1, ""y"": 37}, {""ground_truth_class_index"": 4, ""ground_truth_class_name"": ""forest"", ""kl"": 0.26818825943193414, ""predicted_class_index"": 4, ""predicted_class_name"": ""forest"", ""x"": 11, ""y"": 6}, {""ground_truth_class_index"": 0, ""ground_truth_class_name"": ""empty"", ""kl"": 0.251122813379613, ""predicted_class_index"": 0, ""predicted_class_name"": ""empty"", ""x"": 7, ""y"": 24}, {""ground_truth_class_index"": 4, ""ground_truth_class_name"": ""forest"", ""kl"": 0.24263141987178052, ""predicted_class_index"": 4, ""predicted_class_name"": ""forest"", ""x"": 24, ""y"": 20}]",,
8e839974-b13b-407b-a5e7-fc749d877195,4,2,online_interactive,f1_summary_rate_decoder_rates_lawresid1_teacher_stress_v01,2,0,0,coverage,50,0,45,82.87418667680664,0.06261551712824705,0.6806164432421515,0.432343771439782,1.0,"[0.6377816683335106, 0.1161511596854799, 0.023957895237295662, 0.01318268401625885, 0.17030707984344715, 0.0386195128840066]","[0.687456250000001, 0.07490937500000003, 0.005768749999999998, 0.00753124999999999, 0.19370937499999952, 0.030625]","[-0.049674581666490414, 0.04124178468547987, 0.018189145237295666, 0.00565143401625886, -0.023402295156552372, 0.0079945128840066]",,,,,,,,,"[{""ground_truth_class_index"": 4, ""ground_truth_class_name"": ""forest"", ""kl"": 0.45011580829810777, ""predicted_class_index"": 4, ""predicted_class_name"": ""forest"", ""x"": 2, ""y"": 1}, {""ground_truth_class_index"": 4, ""ground_truth_class_name"": ""forest"", ""kl"": 0.4038657892735504, ""predicted_class_index"": 4, ""predicted_class_name"": ""forest"", ""x"": 2, ""y"": 19}, {""ground_truth_class_index"": 4, ""ground_truth_class_name"": ""forest"", ""kl"": 0.3496630507281799, ""predicted_class_index"": 4, ""predicted_class_name"": ""forest"", ""x"": 2, ""y"": 18}, {""ground_truth_class_index"": 4, ""ground_truth_class_name"": ""forest"", ""kl"": 0.34803342930044673, ""predicted_class_index"": 4, ""predicted_class_name"": ""forest"", ""x"": 11, ""y"": 2}, {""ground_truth_class_index"": 4, ""ground_truth_class_name"": ""forest"", ""kl"": 0.34595856923830154, ""predicted_class_index"": 4, ""predicted_class_name"": ""forest"", ""x"": 9, ""y"": 37}, {""ground_truth_class_index"": 4, ""ground_truth_class_name"": ""forest"", ""kl"": 0.2705770853666955, ""predicted_class_index"": 4, ""predicted_class_name"": ""forest"", ""x"": 10, ""y"": 36}, {""ground_truth_class_index"": 0, ""ground_truth_class_name"": ""empty"", ""kl"": 0.2670514482707627, ""predicted_class_index"": 0, ""predicted_class_name"": ""empty"", ""x"": 15, ""y"": 28}, {""ground_truth_class_index"": 0, ""ground_truth_class_name"": ""empty"", ""kl"": 0.2649110562526921, ""predicted_class_index"": 0, ""predicted_class_name"": ""empty"", ""x"": 8, ""y"": 37}, {""ground_truth_class_index"": 4, ""ground_truth_class_name"": ""forest"", ""kl"": 0.2627922711364217, ""predicted_class_index"": 4, ""predicted_class_name"": ""forest"", ""x"": 19, ""y"": 38}, {""ground_truth_class_index"": 4, ""ground_truth_class_name"": ""forest"", ""kl"": 0.25891349049021556, ""predicted_class_index"": 4, ""predicted_class_name"": ""forest"", ""x"": 37, ""y"": 6}]",,
8e839974-b13b-407b-a5e7-fc749d877195,4,3,online_interactive,f1_summary_rate_decoder_rates_lawresid1_teacher_stress_v01,2,0,0,coverage,50,0,45,82.43220638217574,0.06439799042787804,0.6859085369450952,0.4249757650273672,0.99875,"[0.632316787137084, 0.1174056794521743, 0.024974109742105535, 0.013484706412141225, 0.17378646924811314, 0.03803224800838171]","[0.685390625000001, 0.07398437500000016, 0.00601875, 0.007540625000000002, 0.19706562499999958, 0.03]","[-0.053073837862917084, 0.04342130445217414, 0.018955359742105535, 0.0059440814121412226, -0.023279155751886438, 0.00803224800838171]",,,,,,,,,"[{""ground_truth_class_index"": 0, ""ground_truth_class_name"": ""empty"", ""kl"": 0.3933235930646988, ""predicted_class_index"": 0, ""predicted_class_name"": ""empty"", ""x"": 3, ""y"": 21}, {""ground_truth_class_index"": 4, ""ground_truth_class_name"": ""forest"", ""kl"": 0.3396719905084894, ""predicted_class_index"": 4, ""predicted_class_name"": ""forest"", ""x"": 26, ""y"": 31}, {""ground_truth_class_index"": 4, ""ground_truth_class_name"": ""forest"", ""kl"": 0.3042186349396887, ""predicted_class_index"": 4, ""predicted_class_name"": ""forest"", ""x"": 2, ""y"": 23}, {""ground_truth_class_index"": 0, ""ground_truth_class_name"": ""empty"", ""kl"": 0.281645108593205, ""predicted_class_index"": 0, ""predicted_class_name"": ""empty"", ""x"": 2, ""y"": 24}, {""ground_truth_class_index"": 4, ""ground_truth_class_name"": ""forest"", ""kl"": 0.277281027658156, ""predicted_class_index"": 4, ""predicted_class_name"": ""forest"", ""x"": 6, ""y"": 34}, {""ground_truth_class_index"": 0, ""ground_truth_class_name"": ""empty"", ""kl"": 0.27627373297986685, ""predicted_class_index"": 0, ""predicted_class_name"": ""empty"", ""x"": 1, ""y"": 24}, {""ground_truth_class_index"": 0, ""ground_truth_class_name"": ""empty"", ""kl"": 0.2724652865338156, ""predicted_class_index"": 0, ""predicted_class_name"": ""empty"", ""x"": 1, ""y"": 22}, {""ground_truth_class_index"": 4, ""ground_truth_class_name"": ""forest"", ""kl"": 0.2701643066903009, ""predicted_class_index"": 4, ""predicted_class_name"": ""forest"", ""x"": 27, ""y"": 13}, {""ground_truth_class_index"": 4, ""ground_truth_class_name"": ""forest"", ""kl"": 0.26700716899217264, ""predicted_class_index"": 4, ""predicted_class_name"": ""forest"", ""x"": 4, ""y"": 32}, {""ground_truth_class_index"": 0, ""ground_truth_class_name"": ""empty"", ""kl"": 0.2664242036362544, ""predicted_class_index"": 0, ""predicted_class_name"": ""empty"", ""x"": 2, ""y"": 18}]",,
8e839974-b13b-407b-a5e7-fc749d877195,4,4,online_interactive,f1_summary_rate_decoder_rates_lawresid1_teacher_stress_v01,2,0,0,coverage,50,0,45,81.58074672616821,0.06785896628037712,0.7589410767282674,0.5040508834761092,1.0,"[0.6093951258511802, 0.14178024215679924, 0.02395848605320944, 0.014699550483548715, 0.18802802420325496, 0.022138571252007536]","[0.6703656250000016, 0.08683124999999986, 0.005584374999999996, 0.008965625000000055, 0.21512812499999978, 0.013125]","[-0.060970499148821466, 0.05494899215679938, 0.018374111053209446, 0.00573392548354866, -0.027100100796744825, 0.009013571252007536]",,,,,,,,,"[{""ground_truth_class_index"": 4, ""ground_truth_class_name"": ""forest"", ""kl"": 0.554951029212496, ""predicted_class_index"": 4, ""predicted_class_name"": ""forest"", ""x"": 38, ""y"": 17}, {""ground_truth_class_index"": 4, ""ground_truth_class_name"": ""forest"", ""kl"": 0.3970562563793837, ""predicted_class_index"": 4, ""predicted_class_name"": ""forest"", ""x"": 5, ""y"": 38}, {""ground_truth_class_index"": 4, ""ground_truth_class_name"": ""forest"", ""kl"": 0.3795496405613797, ""predicted_class_index"": 4, ""predicted_class_name"": ""forest"", ""x"": 6, ""y"": 38}, {""ground_truth_class_index"": 4, ""ground_truth_class_name"": ""forest"", ""kl"": 0.34442900458414294, ""predicted_class_index"": 4, ""predicted_class_name"": ""forest"", ""x"": 18, ""y"": 4}, {""ground_truth_class_index"": 4, ""ground_truth_class_name"": ""forest"", ""kl"": 0.3253192242964583, ""predicted_class_index"": 4, ""predicted_class_name"": ""forest"", ""x"": 21, ""y"": 7}, {""ground_truth_class_index"": 0, ""ground_truth_class_name"": ""empty"", ""kl"": 0.2738460248276853, ""predicted_class_index"": 0, ""predicted_class_name"": ""empty"", ""x"": 31, ""y"": 12}, {""ground_truth_class_index"": 0, ""ground_truth_class_name"": ""empty"", ""kl"": 0.27083673474193776, ""predicted_class_index"": 0, ""predicted_class_name"": ""empty"", ""x"": 38, ""y"": 32}, {""ground_truth_class_index"": 0, ""ground_truth_class_name"": ""empty"", ""kl"": 0.26788122205446985, ""predicted_class_index"": 0, ""predicted_class_name"": ""empty"", ""x"": 1, ""y"": 7}, {""ground_truth_class_index"": 4, ""ground_truth_class_name"": ""forest"", ""kl"": 0.23078281535428785, ""predicted_class_index"": 4, ""predicted_class_name"": ""forest"", ""x"": 17, ""y"": 8}, {""ground_truth_class_index"": 4, ""ground_truth_class_name"": ""forest"", ""kl"": 0.23076213463347678, ""predicted_class_index"": 4, ""predicted_class_name"": ""forest"", ""x"": 18, ""y"": 37}]",,
fd3c92ff-3178-4dc9-8d9b-acf389b3982b,5,0,online_interactive,f1_summary_rate_decoder_rates_lawresid1_teacher_stress_v01,2,0,0,coverage,50,0,45,76.62691145560188,0.08874061548529263,0.7966301632967964,0.4939309593677595,0.975625,"[0.6395860912966834, 0.14600755917919653, 0.02264832170086212, 0.012133572098076363, 0.15453605285753896, 0.025088402867641205]","[0.6675906250000003, 0.11830937499999981, 0.00748125, 0.01130312500000001, 0.1790656249999995, 0.01625]","[-0.028004533703316903, 0.027698184179196714, 0.01516707170086212, 0.0008304470980763541, -0.024529572142460543, 0.008838402867641204]",,,,,,,,,"[{""ground_truth_class_index"": 4, ""ground_truth_class_name"": ""forest"", ""kl"": 0.6161142841987091, ""predicted_class_index"": 4, ""predicted_class_name"": ""forest"", ""x"": 38, ""y"": 24}, {""ground_truth_class_index"": 4, ""ground_truth_class_name"": ""forest"", ""kl"": 0.5488981439005649, ""predicted_class_index"": 4, ""predicted_class_name"": ""forest"", ""x"": 20, ""y"": 14}, {""ground_truth_class_index"": 4, ""ground_truth_class_name"": ""forest"", ""kl"": 0.5391090589239969, ""predicted_class_index"": 4, ""predicted_class_name"": ""forest"", ""x"": 38, ""y"": 1}, {""ground_truth_class_index"": 4, ""ground_truth_class_name"": ""forest"", ""kl"": 0.5248130352562499, ""predicted_class_index"": 4, ""predicted_class_name"": ""forest"", ""x"": 36, ""y"": 2}, {""ground_truth_class_index"": 4, ""ground_truth_class_name"": ""forest"", ""kl"": 0.5125311697125919, ""predicted_class_index"": 4, ""predicted_class_name"": ""forest"", ""x"": 31, ""y"": 14}, {""ground_truth_class_index"": 4, ""ground_truth_class_name"": ""forest"", ""kl"": 0.5014706348701811, ""predicted_class_index"": 4, ""predicted_class_name"": ""forest"", ""x"": 29, ""y"": 27}, {""ground_truth_class_index"": 4, ""ground_truth_class_name"": ""forest"", ""kl"": 0.4944376014092195, ""predicted_class_index"": 4, ""predicted_class_name"": ""forest"", ""x"": 6, ""y"": 38}, {""ground_truth_class_index"": 4, ""ground_truth_class_name"": ""forest"", ""kl"": 0.48859822855069485, ""predicted_class_index"": 4, ""predicted_class_name"": ""forest"", ""x"": 23, ""y"": 21}, {""ground_truth_class_index"": 4, ""ground_truth_class_name"": ""forest"", ""kl"": 0.4803183569853608, ""predicted_class_index"": 4, ""predicted_class_name"": ""forest"", ""x"": 28, ""y"": 5}, {""ground_truth_class_index"": 4, ""ground_truth_class_name"": ""forest"", ""kl"": 0.47920961177236787, ""predicted_class_index"": 4, ""predicted_class_name"": ""forest"", ""x"": 19, ""y"": 26}]",,
fd3c92ff-3178-4dc9-8d9b-acf389b3982b,5,1,online_interactive,f1_summary_rate_decoder_rates_lawresid1_teacher_stress_v01,2,0,0,coverage,50,0,45,73.66869045814768,0.10186410041108558,0.6864849520994855,0.43123275714827713,0.96875,"[0.648298735492112, 0.11291214018101375, 0.019046349787879634, 0.010427981614190089, 0.18248112274834138, 0.02683367017646338]","[0.661812500000001, 0.1071593749999999, 0.007534375000000001, 0.009965625000000027, 0.19540312499999954, 0.018125]","[-0.013513764507888992, 0.00575276518101385, 0.011511974787879633, 0.00046235661419006223, -0.012922002251658155, 0.00870867017646338]",,,,,,,,,"[{""ground_truth_class_index"": 2, ""ground_truth_class_name"": ""port"", ""kl"": 0.628077037931891, ""predicted_class_index"": 4, ""predicted_class_name"": ""forest"", ""x"": 1, ""y"": 36}, {""ground_truth_class_index"": 4, ""ground_truth_class_name"": ""forest"", ""kl"": 0.6054917247731445, ""predicted_class_index"": 4, ""predicted_class_name"": ""forest"", ""x"": 5, ""y"": 28}, {""ground_truth_class_index"": 4, ""ground_truth_class_name"": ""forest"", ""kl"": 0.5999134584125342, ""predicted_class_index"": 4, ""predicted_class_name"": ""forest"", ""x"": 14, ""y"": 28}, {""ground_truth_class_index"": 4, ""ground_truth_class_name"": ""forest"", ""kl"": 0.5752927763930803, ""predicted_class_index"": 4, ""predicted_class_name"": ""forest"", ""x"": 14, ""y"": 30}, {""ground_truth_class_index"": 1, ""ground_truth_class_name"": ""settlement"", ""kl"": 0.5543202762508791, ""predicted_class_index"": 0, ""predicted_class_name"": ""empty"", ""x"": 22, ""y"": 3}, {""ground_truth_class_index"": 4, ""ground_truth_class_name"": ""forest"", ""kl"": 0.5083759920156397, ""predicted_class_index"": 4, ""predicted_class_name"": ""forest"", ""x"": 17, ""y"": 31}, {""ground_truth_class_index"": 1, ""ground_truth_class_name"": ""settlement"", ""kl"": 0.48324192858443465, ""predicted_class_index"": 4, ""predicted_class_name"": ""forest"", ""x"": 22, ""y"": 2}, {""ground_truth_class_index"": 1, ""ground_truth_class_name"": ""settlement"", ""kl"": 0.47483085867369124, ""predicted_class_index"": 4, ""predicted_class_name"": ""forest"", ""x"": 21, ""y"": 2}, {""ground_truth_class_index"": 1, ""ground_truth_class_name"": ""settlement"", ""kl"": 0.45955794541716743, ""predicted_class_index"": 0, ""predicted_class_name"": ""empty"", ""x"": 2, ""y"": 37}, {""ground_truth_class_index"": 4, ""ground_truth_class_name"": ""forest"", ""kl"": 0.43687436411412717, ""predicted_class_index"": 4, ""predicted_class_name"": ""forest"", ""x"": 36, ""y"": 36}]",,
fd3c92ff-3178-4dc9-8d9b-acf389b3982b,5,2,online_interactive,f1_summary_rate_decoder_rates_lawresid1_teacher_stress_v01,2,0,0,coverage,50,0,45,78.0833578177167,0.08246441332345855,0.7286326374976099,0.5153972522020946,0.980625,"[0.6300446583309127, 0.1194627530216498, 0.022567039235680927, 0.011122513754500542, 0.1893604413069542, 0.02744259435030235]","[0.6434968749999997, 0.11920000000000001, 0.008115625000000005, 0.011940625000000031, 0.19849687499999916, 0.01875]","[-0.013452216669087025, 0.00026275302164978365, 0.014451414235680922, -0.0008181112454994886, -0.009136433693044954, 0.008692594350302351]",,,,,,,,,"[{""ground_truth_class_index"": 4, ""ground_truth_class_name"": ""forest"", ""kl"": 0.5496015939495775, ""predicted_class_index"": 4, ""predicted_class_name"": ""forest"", ""x"": 1, ""y"": 19}, {""ground_truth_class_index"": 1, ""ground_truth_class_name"": ""settlement"", ""kl"": 0.38764912847821253, ""predicted_class_index"": 0, ""predicted_class_name"": ""empty"", ""x"": 2, ""y"": 19}, {""ground_truth_class_index"": 1, ""ground_truth_class_name"": ""settlement"", ""kl"": 0.3785868636437176, ""predicted_class_index"": 4, ""predicted_class_name"": ""forest"", ""x"": 3, ""y"": 19}, {""ground_truth_class_index"": 1, ""ground_truth_class_name"": ""settlement"", ""kl"": 0.35660994681235414, ""predicted_class_index"": 0, ""predicted_class_name"": ""empty"", ""x"": 10, ""y"": 2}, {""ground_truth_class_index"": 1, ""ground_truth_class_name"": ""settlement"", ""kl"": 0.3425610996953512, ""predicted_class_index"": 4, ""predicted_class_name"": ""forest"", ""x"": 18, ""y"": 18}, {""ground_truth_class_index"": 1, ""ground_truth_class_name"": ""settlement"", ""kl"": 0.3407230759041417, ""predicted_class_index"": 0, ""predicted_class_name"": ""empty"", ""x"": 17, ""y"": 20}, {""ground_truth_class_index"": 4, ""ground_truth_class_name"": ""forest"", ""kl"": 0.33368328225012, ""predicted_class_index"": 4, ""predicted_class_name"": ""forest"", ""x"": 19, ""y"": 7}, {""ground_truth_class_index"": 1, ""ground_truth_class_name"": ""settlement"", ""kl"": 0.3330394862208614, ""predicted_class_index"": 0, ""predicted_class_name"": ""empty"", ""x"": 19, ""y"": 12}, {""ground_truth_class_index"": 1, ""ground_truth_class_name"": ""settlement"", ""kl"": 0.3270735659343503, ""predicted_class_index"": 0, ""predicted_class_name"": ""empty"", ""x"": 37, ""y"": 18}, {""ground_truth_class_index"": 1, ""ground_truth_class_name"": ""settlement"", ""kl"": 0.31882485359304885, ""predicted_class_index"": 4, ""predicted_class_name"": ""forest"", ""x"": 3, ""y"": 20}]",,
fd3c92ff-3178-4dc9-8d9b-acf389b3982b,5,3,online_interactive,f1_summary_rate_decoder_rates_lawresid1_teacher_stress_v01,2,0,0,coverage,50,0,45,78.21530032758155,0.08190163373736686,0.6994061344961284,0.4894973509652186,0.98875,"[0.6435911462557589, 0.11327271704102655, 0.020263656485413176, 0.010574729608480613, 0.1778016440196832, 0.034496106589637594]","[0.6542906249999997, 0.10593437499999998, 0.008312499999999999, 0.012365624999999998, 0.19284687499999947, 0.02625]","[-0.01069947874424082, 0.007338342041026569, 0.011951156485413178, -0.0017908953915193853, -0.015045230980316265, 0.008246106589637595]",,,,,,,,,"[{""ground_truth_class_index"": 4, ""ground_truth_class_name"": ""forest"", ""kl"": 0.4591750933193733, ""predicted_class_index"": 4, ""predicted_class_name"": ""forest"", ""x"": 17, ""y"": 3}, {""ground_truth_class_index"": 0, ""ground_truth_class_name"": ""empty"", ""kl"": 0.43985985219901896, ""predicted_class_index"": 0, ""predicted_class_name"": ""empty"", ""x"": 8, ""y"": 2}, {""ground_truth_class_index"": 4, ""ground_truth_class_name"": ""forest"", ""kl"": 0.3938758305649263, ""predicted_class_index"": 4, ""predicted_class_name"": ""forest"", ""x"": 2, ""y"": 5}, {""ground_truth_class_index"": 4, ""ground_truth_class_name"": ""forest"", ""kl"": 0.3919258472462259, ""predicted_class_index"": 4, ""predicted_class_name"": ""forest"", ""x"": 3, ""y"": 1}, {""ground_truth_class_index"": 1, ""ground_truth_class_name"": ""settlement"", ""kl"": 0.3906808144303111, ""predicted_class_index"": 0, ""predicted_class_name"": ""empty"", ""x"": 27, ""y"": 18}, {""ground_truth_class_index"": 4, ""ground_truth_class_name"": ""forest"", ""kl"": 0.38612841432054956, ""predicted_class_index"": 4, ""predicted_class_name"": ""forest"", ""x"": 5, ""y"": 2}, {""ground_truth_class_index"": 4, ""ground_truth_class_name"": ""forest"", ""kl"": 0.3860228819205009, ""predicted_class_index"": 4, ""predicted_class_name"": ""forest"", ""x"": 16, ""y"": 3}, {""ground_truth_class_index"": 4, ""ground_truth_class_name"": ""forest"", ""kl"": 0.38376232603044397, ""predicted_class_index"": 4, ""predicted_class_name"": ""forest"", ""x"": 21, ""y"": 37}, {""ground_truth_class_index"": 4, ""ground_truth_class_name"": ""forest"", ""kl"": 0.3636737432253932, ""predicted_class_index"": 4, ""predicted_class_name"": ""forest"", ""x"": 23, ""y"": 2}, {""ground_truth_class_index"": 1, ""ground_truth_class_name"": ""settlement"", ""kl"": 0.3606307021245443, ""predicted_class_index"": 0, ""predicted_class_name"": ""empty"", ""x"": 26, ""y"": 18}]",,
fd3c92ff-3178-4dc9-8d9b-acf389b3982b,5,4,online_interactive,f1_summary_rate_decoder_rates_lawresid1_teacher_stress_v01,2,0,0,coverage,50,0,45,78.65185905528972,0.08004630656551161,0.7178940386328441,0.4788706260641596,0.989375,"[0.6309426082823324, 0.11785052898775036, 0.021349099278649877, 0.011029899851865808, 0.1854956040734817, 0.03333225952591853]","[0.6524093749999996, 0.10528750000000013, 0.007043749999999998, 0.012190625000000024, 0.19806874999999963, 0.025]","[-0.02146676671766723, 0.012563028987750233, 0.01430534927864988, -0.0011607251481342163, -0.012573145926517926, 0.008332259525918526]",,,,,,,,,"[{""ground_truth_class_index"": 1, ""ground_truth_class_name"": ""settlement"", ""kl"": 0.3723823426054235, ""predicted_class_index"": 0, ""predicted_class_name"": ""empty"", ""x"": 22, ""y"": 26}, {""ground_truth_class_index"": 1, ""ground_truth_class_name"": ""settlement"", ""kl"": 0.3626778889413603, ""predicted_class_index"": 0, ""predicted_class_name"": ""empty"", ""x"": 23, ""y"": 25}, {""ground_truth_class_index"": 1, ""ground_truth_class_name"": ""settlement"", ""kl"": 0.34600002109004363, ""predicted_class_index"": 0, ""predicted_class_name"": ""empty"", ""x"": 23, ""y"": 24}, {""ground_truth_class_index"": 4, ""ground_truth_class_name"": ""forest"", ""kl"": 0.34403691043003753, ""predicted_class_index"": 4, ""predicted_class_name"": ""forest"", ""x"": 38, ""y"": 26}, {""ground_truth_class_index"": 0, ""ground_truth_class_name"": ""empty"", ""kl"": 0.33125768704494174, ""predicted_class_index"": 0, ""predicted_class_name"": ""empty"", ""x"": 23, ""y"": 26}, {""ground_truth_class_index"": 4, ""ground_truth_class_name"": ""forest"", ""kl"": 0.3257857695957487, ""predicted_class_index"": 4, ""predicted_class_name"": ""forest"", ""x"": 29, ""y"": 32}, {""ground_truth_class_index"": 4, ""ground_truth_class_name"": ""forest"", ""kl"": 0.3242560768749608, ""predicted_class_index"": 4, ""predicted_class_name"": ""forest"", ""x"": 5, ""y"": 9}, {""ground_truth_class_index"": 4, ""ground_truth_class_name"": ""forest"", ""kl"": 0.3151592710457176, ""predicted_class_index"": 4, ""predicted_class_name"": ""forest"", ""x"": 17, ""y"": 25}, {""ground_truth_class_index"": 1, ""ground_truth_class_name"": ""settlement"", ""kl"": 0.295199194629824, ""predicted_class_index"": 0, ""predicted_class_name"": ""empty"", ""x"": 37, ""y"": 22}, {""ground_truth_class_index"": 0, ""ground_truth_class_name"": ""empty"", ""kl"": 0.28881248474780635, ""predicted_class_index"": 0, ""predicted_class_name"": ""empty"", ""x"": 22, ""y"": 24}]",,
ae78003a-4efe-425a-881a-d16a39bca0ad,6,0,online_interactive,f1_summary_rate_decoder_rates_lawresid1_teacher_stress_v01,2,0,0,coverage,50,0,45,50.251824866642316,0.22937444131807708,0.5948249917693189,0.7894469981680904,0.940625,"[0.6719425459279417, 0.09451425528692098, 0.013029155834298782, 0.010272074702448081, 0.18991806131607591, 0.02032390693231318]","[0.5741874999999997, 0.2129406250000001, 0.01307812500000001, 0.026256249999999984, 0.16228749999999978, 0.01125]","[0.09775504592794193, -0.11842636971307913, -4.896916570122818e-05, -0.015984175297551903, 0.027630561316076135, 0.009073906932313181]",,,,,,,,,"[{""ground_truth_class_index"": 1, ""ground_truth_class_name"": ""settlement"", ""kl"": 1.1735873982055716, ""predicted_class_index"": 4, ""predicted_class_name"": ""forest"", ""x"": 36, ""y"": 13}, {""ground_truth_class_index"": 0, ""ground_truth_class_name"": ""empty"", ""kl"": 1.0745375067805716, ""predicted_class_index"": 0, ""predicted_class_name"": ""empty"", ""x"": 36, ""y"": 7}, {""ground_truth_class_index"": 1, ""ground_truth_class_name"": ""settlement"", ""kl"": 1.059775603179466, ""predicted_class_index"": 4, ""predicted_class_name"": ""forest"", ""x"": 37, ""y"": 13}, {""ground_truth_class_index"": 0, ""ground_truth_class_name"": ""empty"", ""kl"": 1.0507137787927792, ""predicted_class_index"": 0, ""predicted_class_name"": ""empty"", ""x"": 38, ""y"": 13}, {""ground_truth_class_index"": 0, ""ground_truth_class_name"": ""empty"", ""kl"": 1.0442205182644964, ""predicted_class_index"": 0, ""predicted_class_name"": ""empty"", ""x"": 35, ""y"": 14}, {""ground_truth_class_index"": 4, ""ground_truth_class_name"": ""forest"", ""kl"": 0.9360275384856623, ""predicted_class_index"": 4, ""predicted_class_name"": ""forest"", ""x"": 38, ""y"": 14}, {""ground_truth_class_index"": 0, ""ground_truth_class_name"": ""empty"", ""kl"": 0.9294731170158886, ""predicted_class_index"": 0, ""predicted_class_name"": ""empty"", ""x"": 36, ""y"": 37}, {""ground_truth_class_index"": 1, ""ground_truth_class_name"": ""settlement"", ""kl"": 0.9258400006623942, ""predicted_class_index"": 4, ""predicted_class_name"": ""forest"", ""x"": 6, ""y"": 4}, {""ground_truth_class_index"": 0, ""ground_truth_class_name"": ""empty"", ""kl"": 0.8962755801175325, ""predicted_class_index"": 0, ""predicted_class_name"": ""empty"", ""x"": 35, ""y"": 13}, {""ground_truth_class_index"": 0, ""ground_truth_class_name"": ""empty"", ""kl"": 0.8941861135520083, ""predicted_class_index"": 0, ""predicted_class_name"": ""empty"", ""x"": 36, ""y"": 38}]",,
ae78003a-4efe-425a-881a-d16a39bca0ad,6,1,online_interactive,f1_summary_rate_decoder_rates_lawresid1_teacher_stress_v01,2,0,0,coverage,50,0,45,49.27156642323786,0.2359410057667779,0.6305717599442395,0.7860640421408108,0.93,"[0.6322597070935163, 0.10718444396220157, 0.013205016700807114, 0.010976397827530187, 0.2013148771023628, 0.03505955731358132]","[0.5473343749999995, 0.21605000000000008, 0.014059375000000011, 0.027843750000000028, 0.16783749999999986, 0.026875]","[0.08492533209351683, -0.1088655560377985, -0.0008543582991928974, -0.01686735217246984, 0.033477377102362926, 0.00818455731358132]",,,,,,,,,"[{""ground_truth_class_index"": 1, ""ground_truth_class_name"": ""settlement"", ""kl"": 1.6586303983296435, ""predicted_class_index"": 4, ""predicted_class_name"": ""forest"", ""x"": 6, ""y"": 4}, {""ground_truth_class_index"": 4, ""ground_truth_class_name"": ""forest"", ""kl"": 1.5794996677225352, ""predicted_class_index"": 4, ""predicted_class_name"": ""forest"", ""x"": 5, ""y"": 5}, {""ground_truth_class_index"": 4, ""ground_truth_class_name"": ""forest"", ""kl"": 1.5587438968073508, ""predicted_class_index"": 4, ""predicted_class_name"": ""forest"", ""x"": 8, ""y"": 1}, {""ground_truth_class_index"": 1, ""ground_truth_class_name"": ""settlement"", ""kl"": 1.5348367529158882, ""predicted_class_index"": 4, ""predicted_class_name"": ""forest"", ""x"": 9, ""y"": 2}, {""ground_truth_class_index"": 2, ""ground_truth_class_name"": ""port"", ""kl"": 1.3625476094768594, ""predicted_class_index"": 4, ""predicted_class_name"": ""forest"", ""x"": 7, ""y"": 1}, {""ground_truth_class_index"": 0, ""ground_truth_class_name"": ""empty"", ""kl"": 1.3483254203552453, ""predicted_class_index"": 0, ""predicted_class_name"": ""empty"", ""x"": 8, ""y"": 5}, {""ground_truth_class_index"": 1, ""ground_truth_class_name"": ""settlement"", ""kl"": 1.3343292225781802, ""predicted_class_index"": 0, ""predicted_class_name"": ""empty"", ""x"": 9, ""y"": 5}, {""ground_truth_class_index"": 0, ""ground_truth_class_name"": ""empty"", ""kl"": 1.3207293221071463, ""predicted_class_index"": 0, ""predicted_class_name"": ""empty"", ""x"": 9, ""y"": 4}, {""ground_truth_class_index"": 1, ""ground_truth_class_name"": ""settlement"", ""kl"": 1.2414104153239338, ""predicted_class_index"": 4, ""predicted_class_name"": ""forest"", ""x"": 5, ""y"": 3}, {""ground_truth_class_index"": 1, ""ground_truth_class_name"": ""settlement"", ""kl"": 1.1980260660890087, ""predicted_class_index"": 4, ""predicted_class_name"": ""forest"", ""x"": 7, ""y"": 4}]",,
ae78003a-4efe-425a-881a-d16a39bca0ad,6,2,online_interactive,f1_summary_rate_decoder_rates_lawresid1_teacher_stress_v01,2,0,0,coverage,50,0,45,51.514015263065914,0.2211054247705493,0.6414698050791385,0.8069427190990688,0.93875,"[0.6501556929742265, 0.10574078562765968, 0.014642103441151444, 0.01053978370060318, 0.1909255623360033, 0.027996071920354738]","[0.572378125, 0.20220625000000034, 0.019393749999999998, 0.027478125000000006, 0.1591687500000002, 0.019375]","[0.07777756797422652, -0.09646546437234066, -0.004751646558848554, -0.016938341299396826, 0.03175681233600311, 0.008621071920354738]",,,,,,,,,"[{""ground_truth_class_index"": 2, ""ground_truth_class_name"": ""port"", ""kl"": 1.7995470805368297, ""predicted_class_index"": 4, ""predicted_class_name"": ""forest"", ""x"": 37, ""y"": 20}, {""ground_truth_class_index"": 2, ""ground_truth_class_name"": ""port"", ""kl"": 1.6905739397459891, ""predicted_class_index"": 4, ""predicted_class_name"": ""forest"", ""x"": 36, ""y"": 20}, {""ground_truth_class_index"": 1, ""ground_truth_class_name"": ""settlement"", ""kl"": 1.6905348098499156, ""predicted_class_index"": 4, ""predicted_class_name"": ""forest"", ""x"": 37, ""y"": 22}, {""ground_truth_class_index"": 2, ""ground_truth_class_name"": ""port"", ""kl"": 1.59988123617855, ""predicted_class_index"": 4, ""predicted_class_name"": ""forest"", ""x"": 38, ""y"": 21}, {""ground_truth_class_index"": 0, ""ground_truth_class_name"": ""empty"", ""kl"": 1.44450700285185, ""predicted_class_index"": 4, ""predicted_class_name"": ""forest"", ""x"": 36, ""y"": 23}, {""ground_truth_class_index"": 1, ""ground_truth_class_name"": ""settlement"", ""kl"": 1.2030990702058926, ""predicted_class_index"": 4, ""predicted_class_name"": ""forest"", ""x"": 36, ""y"": 22}, {""ground_truth_class_index"": 0, ""ground_truth_class_name"": ""empty"", ""kl"": 1.094665442257158, ""predicted_class_index"": 0, ""predicted_class_name"": ""empty"", ""x"": 35, ""y"": 18}, {""ground_truth_class_index"": 0, ""ground_truth_class_name"": ""empty"", ""kl"": 1.0614363642160958, ""predicted_class_index"": 0, ""predicted_class_name"": ""empty"", ""x"": 38, ""y"": 22}, {""ground_truth_class_index"": 0, ""ground_truth_class_name"": ""empty"", ""kl"": 1.0611979060368917, ""predicted_class_index"": 0, ""predicted_class_name"": ""empty"", ""x"": 3, ""y"": 38}, {""ground_truth_class_index"": 1, ""ground_truth_class_name"": ""settlement"", ""kl"": 1.0537979495857517, ""predicted_class_index"": 0, ""predicted_class_name"": ""empty"", ""x"": 38, ""y"": 20}]",,
ae78003a-4efe-425a-881a-d16a39bca0ad,6,3,online_interactive,f1_summary_rate_decoder_rates_lawresid1_teacher_stress_v01,2,0,0,coverage,50,0,45,51.33672433104981,0.22225460534241917,0.6298655495705648,0.8203566699366247,0.941875,"[0.6280701747980347, 0.10375983073649542, 0.013351288053556596, 0.01039844145771725, 0.20994291383189478, 0.034477351122300146]","[0.5466906249999993, 0.21347187499999973, 0.012496874999999998, 0.028006249999999958, 0.17308437499999954, 0.02625]","[0.08137954979803541, -0.10971204426350431, 0.0008544130535565984, -0.017607808542282707, 0.03685853883189524, 0.008227351122300147]",,,,,,,,,"[{""ground_truth_class_index"": 0, ""ground_truth_class_name"": ""empty"", ""kl"": 1.0377680463679635, ""predicted_class_index"": 0, ""predicted_class_name"": ""empty"", ""x"": 1, ""y"": 1}, {""ground_truth_class_index"": 0, ""ground_truth_class_name"": ""empty"", ""kl"": 1.0308281880176584, ""predicted_class_index"": 0, ""predicted_class_name"": ""empty"", ""x"": 1, ""y"": 4}, {""ground_truth_class_index"": 0, ""ground_truth_class_name"": ""empty"", ""kl"": 1.0266090430142345, ""predicted_class_index"": 0, ""predicted_class_name"": ""empty"", ""x"": 30, ""y"": 37}, {""ground_truth_class_index"": 1, ""ground_truth_class_name"": ""settlement"", ""kl"": 0.9998743446979255, ""predicted_class_index"": 0, ""predicted_class_name"": ""empty"", ""x"": 2, ""y"": 4}, {""ground_truth_class_index"": 0, ""ground_truth_class_name"": ""empty"", ""kl"": 0.9492871444287139, ""predicted_class_index"": 0, ""predicted_class_name"": ""empty"", ""x"": 34, ""y"": 5}, {""ground_truth_class_index"": 0, ""ground_truth_class_name"": ""empty"", ""kl"": 0.9362539222663336, ""predicted_class_index"": 0, ""predicted_class_name"": ""empty"", ""x"": 29, ""y"": 38}, {""ground_truth_class_index"": 4, ""ground_truth_class_name"": ""forest"", ""kl"": 0.9084503827575361, ""predicted_class_index"": 4, ""predicted_class_name"": ""forest"", ""x"": 25, ""y"": 38}, {""ground_truth_class_index"": 0, ""ground_truth_class_name"": ""empty"", ""kl"": 0.8670330368033633, ""predicted_class_index"": 0, ""predicted_class_name"": ""empty"", ""x"": 33, ""y"": 3}, {""ground_truth_class_index"": 4, ""ground_truth_class_name"": ""forest"", ""kl"": 0.8562844511455177, ""predicted_class_index"": 4, ""predicted_class_name"": ""forest"", ""x"": 1, ""y"": 3}, {""ground_truth_class_index"": 0, ""ground_truth_class_name"": ""empty"", ""kl"": 0.8430452756874931, ""predicted_class_index"": 0, ""predicted_class_name"": ""empty"", ""x"": 2, ""y"": 5}]",,
ae78003a-4efe-425a-881a-d16a39bca0ad,6,4,online_interactive,f1_summary_rate_decoder_rates_lawresid1_teacher_stress_v01,2,0,0,coverage,50,0,45,43.934689107009525,0.274155331089529,0.6206693411743244,0.838349515530724,0.925625,"[0.661096252465914, 0.10351019305919422, 0.012690038737551859, 0.010713244030206327, 0.1787039881337064, 0.03328628357342522]","[0.5457500000000002, 0.23408749999999984, 0.013725000000000005, 0.030178124999999948, 0.15125937499999992, 0.025]","[0.11534625246591379, -0.1305773069408056, -0.0010349612624481457, -0.01946488096979362, 0.02744461313370647, 0.008286283573425215]",,,,,,,,,"[{""ground_truth_class_index"": 0, ""ground_truth_class_name"": ""empty"", ""kl"": 1.4204604394196343, ""predicted_class_index"": 0, ""predicted_class_name"": ""empty"", ""x"": 2, ""y"": 2}, {""ground_truth_class_index"": 0, ""ground_truth_class_name"": ""empty"", ""kl"": 1.3900027367641472, ""predicted_class_index"": 0, ""predicted_class_name"": ""empty"", ""x"": 36, ""y"": 35}, {""ground_truth_class_index"": 0, ""ground_truth_class_name"": ""empty"", ""kl"": 1.380683954783439, ""predicted_class_index"": 0, ""predicted_class_name"": ""empty"", ""x"": 13, ""y"": 16}, {""ground_truth_class_index"": 0, ""ground_truth_class_name"": ""empty"", ""kl"": 1.2133899239622274, ""predicted_class_index"": 0, ""predicted_class_name"": ""empty"", ""x"": 17, ""y"": 16}, {""ground_truth_class_index"": 0, ""ground_truth_class_name"": ""empty"", ""kl"": 1.208630962571766, ""predicted_class_index"": 0, ""predicted_class_name"": ""empty"", ""x"": 1, ""y"": 3}, {""ground_truth_class_index"": 1, ""ground_truth_class_name"": ""settlement"", ""kl"": 1.1323022194252679, ""predicted_class_index"": 0, ""predicted_class_name"": ""empty"", ""x"": 13, ""y"": 15}, {""ground_truth_class_index"": 0, ""ground_truth_class_name"": ""empty"", ""kl"": 1.1321690612389685, ""predicted_class_index"": 0, ""predicted_class_name"": ""empty"", ""x"": 23, ""y"": 34}, {""ground_truth_class_index"": 0, ""ground_truth_class_name"": ""empty"", ""kl"": 1.033610183343691, ""predicted_class_index"": 0, ""predicted_class_name"": ""empty"", ""x"": 37, ""y"": 36}, {""ground_truth_class_index"": 0, ""ground_truth_class_name"": ""empty"", ""kl"": 1.030039869944365, ""predicted_class_index"": 0, ""predicted_class_name"": ""empty"", ""x"": 36, ""y"": 34}, {""ground_truth_class_index"": 0, ""ground_truth_class_name"": ""empty"", ""kl"": 1.00784855561487, ""predicted_class_index"": 0, ""predicted_class_name"": ""empty"", ""x"": 35, ""y"": 34}]",,
